12
2
-2
-10
8
7
-6
4
-9
-4
3
9
23
14
6
13
31
20
33
32
52
63
76
74
77
69
53
57
51
48
39
27
43
60
55
44
46
26
11
16
19
30
17
-1
-14
-20
-39
-33
-48
-59
-43
-42
-27
-22
-40
-26
-31
-46
-49
-38
-55
-36
-24
-19
-11
-13
-3
10
18
37
45
62
56
64
68
59
78
91
102
100
120
123
107
89
92
87
72
90
108
117
99
80
97
81
96
84
86
66
73
70
61
71
75
95
82
65
42
49
67
88
104
121
126
112
131
113
103
110
111
98
114
93
105
124
135
130
144
155
146
165
163
156
159
139
148
132
141
151
168
150
138
127
116
136
118
106
101
94
109
129
147
170
187
180
185
178
186
184
169
174
157
158
153
145
152
167
172
173
188
177
176
193
208
226
233
230
214
207
225
219
236
234
254
252
245
228
248
247
255
239
227
221
218
237
256
274
267
284
289
308
293
280
282
296
298
299
312
305
307
297
287
272
281
290
304
311
315
300
295
278
273
264
277
283
285
270
259
276
257
271
258
261
262
244
229
212
200
213
196
201
192
194
199
191
183
164
175
195
206
222
215
235
238
217
209
198
189
197
182
162
142
125
149
166
154
134
122
119
133
115
128
54
35
22
24
47
34
58
41
36
50
40
38
28
21
15
-8
-18
-21
-12
-23
-15
1
-7
-35
-45
-28
-37
-47
-56
-64
-62
-57
-76
-65
-81
-73
-87
-92
-84
-80
-83
-75
-82
-78
-77
-79
-86
-71
-68
-58
-54
-53
-67
-85
-70
-91
-88
-74
-89
-102
-116
-122
-107
-106
-95
-69
-50
-66
-61
-63
-72
-60
-41
-52
-29
-32
-17
-30
-16
-25
-51
-34
29
25
5
-5
-44
-99
-105
-120
-129
-145
-162
-176
-188
-167
-166
-168
-184
-197
-218
-192
-165
-148
-142
-140
-158
-157
-139
-114
-117
-98
-133
-159
-155
-203
-206
-205
-185
-177
-204
-229
-237
-247
-271
-268
-329
-265
-248
-227
-143
-94
-90
-323
-325
210
55263
55262
55250
55252
55233
55246
55256
55266
55281
55269
55282
55297
55305
55290
55277
55287
55280
55283
55273
55289
55301
55295
55299
55302
55321
55335
55337
55347
55351
55367
55365
55357
55375
55361
55360
55364
55363
55378
55388
55382
55399
55416
55431
55439
55454
55460
55469
55488
55486
55499
55480
55465
55459
55444
55440
55430
55429
55425
55407
55422
55420
55423
55436
55441
55455
55470
55451
55458
55471
55457
55446
55456
55464
55477
55461
55466
55453
55437
55447
55442
55433
55432
55434
55449
55445
55426
55419
55438
55450
55474
55484
55494
55512
55527
55539
55534
55523
55528
55538
55526
55519
55505
55517
55500
55487
55467
55481
55468
55479
55463
55478
55493
55511
55503
55513
55530
55531
55521
55540
55548
55555
55559
55570
55581
55566
55553
55571
55554
55573
55578
55572
55563
55569
55587
55577
55586
55568
55551
55549
55535
55516
55515
55507
55497
55490
55472
55475
55489
55495
55509
55492
55510
55520
55543
55547
55533
55545
55541
55522
55537
55557
55552
55567
55583
55562
55576
55561
55544
55529
55536
55546
55564
55585
55599
55605
55609
55615
55632
55614
55600
55582
55574
55598
55608
55616
55603
55621
55624
55606
55604
55601
55593
55592
55591
55575
55584
55580
55590
55610
55628
55637
55636
55653
55651
55667
55683
55666
55679
55684
55678
55663
55644
55655
55638
55630
55640
55639
55649
55627
55612
55623
55643
55629
55631
55642
55659
55676
55694
55686
55693
55701
55687
55706
55700
55702
55712
55718
55723
55733
55736
55728
55724
55711
55696
55680
55675
55656
55672
55657
55662
55635
55617
55620
55613
55634
55626
55611
55607
55602
55594
55597
55619
55625
55633
55645
55618
55650
55646
55648
55652
55647
55673
55668
55665
55661
55682
55716
55720
55714
55731
55725
55732
55739
55749
55730
55750
55752
55766
55780
55797
55802
55818
55801
55812
55799
55794
55809
55816
55798
55789
55776
55774
55760
55758
55754
55751
55744
55756
55770
55761
55781
55788
55795
55810
55822
55819
55805
55804
55808
55792
55806
55803
55787
55779
55793
55811
55825
55820
55814
55821
55835
55851
55829
55813
55800
55791
55778
55777
55762
55753
55747
55767
55784
55785
55782
55826
55843
55860
55881
55890
55910
55893
55904
55914
55899
55909
55912
55916
55932
55940
55933
55950
55958
55973
55964
55968
55996
56004
56003
55997
55987
55922
55926
55884
55870
55856
55832
55817
55823
55836
55764
55763
55746
55741
55748
55721
55740
55719
55717
55737
55735
55738
55704
55734
55757
55727
55722
55742
55715
55726
55699
55692
55669
55708
55483
55498
55558
56030
110599
110600
110615
110628
110634
110624
110611
110609
110603
110616
110618
110623
110613
110608
110597
110596
110614
110602
110587
110580
110579
110592
110574
110573
110568
110566
110552
110547
110543
110527
110517
110525
110524
110544
110555
110570
110567
110550
110558
110569
110563
110554
110546
110535
110534
110521
110518
110510
110522
110540
110529
110512
110500
110506
110499
110496
110511
110520
110533
110519
110537
110557
110551
110539
110541
110561
110549
110526
110509
110502
110503
110479
110462
110455
110437
110440
110427
110441
110443
110431
110415
110417
110382
110379
110381
110363
110349
110336
110346
110343
110326
110330
110353
110369
110362
110332
110361
110342
110360
110357
110377
110370
110367
110444
110445
110487
110505
110514
110513
110536
110593
110601
110589
110590
110595
110607
110610
110620
110619
110633
110653
110646
110643
110629
110617
110626
110642
110658
110670
110684
110695
110706
110708
110709
110728
110718
110736
110719
110710
110699
110691
110701
110700
408
420
410
406
398
416
415
402
412
399
404
411
417
431
422
414
421
439
428
441
440
460
471
484
482
485
477
461
465
459
456
447
435
451
468
463
452
454
434
419
424
427
438
425
407
394
388
369
375
360
349
365
366
381
386
368
382
377
362
359
370
353
372
384
389
397
395
405
418
426
445
453
470
464
472
476
467
486
499
510
508
528
531
515
497
500
495
480
498
516
525
507
488
505
489
504
492
494
474
481
478
469
479
483
503
490
473
450
457
475
496
512
529
534
520
539
521
511
518
519
506
522
501
513
532
543
538
552
563
554
573
571
564
567
547
556
540
549
559
576
558
546
535
524
544
526
514
509
502
517
537
555
578
595
588
593
586
594
592
577
582
565
566
561
553
560
575
580
581
596
585
584
601
616
634
641
638
622
615
633
627
644
642
662
660
653
636
656
655
663
647
635
629
626
645
664
682
675
692
697
716
701
688
690
704
706
707
720
713
715
705
695
680
689
698
712
719
723
708
703
686
681
672
685
691
693
678
667
684
665
679
666
669
670
652
637
620
608
621
604
609
600
602
607
599
591
572
583
603
614
630
623
643
646
625
617
606
597
605
590
570
550
533
557
574
562
542
530
527
541
523
536
462
443
430
432
455
442
466
449
444
458
448
446
436
429
423
400
390
387
396
385
393
409
401
373
363
380
371
361
352
344
346
351
332
343
327
335
321
316
324
328
325
333
326
330
331
329
322
337
340
350
354
355
341
323
338
317
320
334
319
306
292
286
301
302
313
339
358
342
347
345
336
348
367
356
379
376
391
378
392
383
357
374
437
433
413
403
364
309
303
288
279
263
246
232
220
241
242
240
224
211
190
216
243
260
266
268
250
251
269
294
291
310
275
249
253
205
202
203
223
231
204
179
171
161
137
140
79
143
160
181
265
314
318
85
83
618
55671
55670
55658
55660
55641
55654
55664
55674
55689
55677
55690
55705
55713
55698
55685
55695
55688
55691
55681
55697
55709
55703
55707
55710
55729
55743
55745
55755
55759
55775
55773
55765
55783
55769
55768
55772
55771
55786
55796
55790
55807
55824
55839
55847
55862
55868
55877
55896
55894
55907
55888
55873
55867
55852
55848
55838
55837
55833
55815
55830
55828
55831
55844
55849
55863
55878
55859
55866
55879
55865
55854
55864
55872
55885
55869
55874
55861
55845
55855
55850
55841
55840
55842
55857
55853
55834
55827
55846
55858
55882
55892
55902
55920
55935
55947
55942
55931
55936
55946
55934
55927
55913
55925
55908
55895
55875
55889
55876
55887
55871
55886
55901
55919
55911
55921
55938
55939
55929
55948
55956
55963
55967
55978
55989
55974
55961
55979
55962
55981
55986
55980
55971
55977
55995
55985
55994
55976
55959
55957
55943
55924
55923
55915
55905
55898
55880
55883
55897
55903
55917
55900
55918
55928
55951
55955
55941
55953
55949
55930
55945
55965
55960
55975
55991
55970
55984
55969
55952
55937
55944
55954
55972
55993
56007
56013
56017
56023
56040
56022
56008
55990
55982
56006
56016
56024
56011
56029
56032
56014
56012
56009
56001
56000
55999
55983
55992
55988
55998
56018
56036
56045
56044
56061
56059
56075
56091
56074
56087
56092
56086
56071
56052
56063
56046
56038
56048
56047
56057
56035
56020
56031
56051
56037
56039
56050
56067
56084
56102
56094
56101
56109
56095
56114
56108
56110
56120
56126
56131
56141
56144
56136
56132
56119
56104
56088
56083
56064
56080
56065
56070
56043
56025
56028
56021
56042
56034
56019
56015
56010
56002
56005
56027
56033
56041
56053
56026
56058
56054
56056
56060
56055
56081
56076
56073
56069
56090
56124
56128
56122
56139
56133
56140
56147
56157
56138
56158
56160
56174
56188
56205
56210
56226
56209
56220
56207
56202
56217
56224
56206
56197
56184
56182
56168
56166
56162
56159
56152
56164
56178
56169
56189
56196
56203
56218
56230
56227
56213
56212
56216
56200
56214
56211
56195
56187
56201
56219
56233
56228
56222
56229
56243
56259
56237
56221
56208
56199
56186
56185
56170
56161
56155
56175
56192
56193
56190
56234
56251
56268
56289
56298
56318
56301
56312
56322
56307
56317
56320
56324
56340
56348
56341
56358
56366
56381
56372
56376
56404
56412
56411
56405
56395
56330
56334
56292
56278
56264
56240
56225
56231
56244
56172
56171
56154
56149
56156
56129
56148
56127
56125
56145
56143
56146
56112
56142
56165
56135
56130
56150
56123
56134
56107
56100
56077
56116
55891
55906
55966
56438
111007
111008
111023
111036
111042
111032
111019
111017
111011
111024
111026
111031
111021
111016
111005
111004
111022
111010
110995
110988
110987
111000
110982
110981
110976
110974
110960
110955
110951
110935
110925
110933
110932
110952
110963
110978
110975
110958
110966
110977
110971
110962
110954
110943
110942
110929
110926
110918
110930
110948
110937
110920
110908
110914
110907
110904
110919
110928
110941
110927
110945
110965
110959
110947
110949
110969
110957
110934
110917
110910
110911
110887
110870
110863
110845
110848
110835
110849
110851
110839
110823
110825
110790
110787
110789
110771
110757
110744
110754
110751
110734
110738
110761
110777
110770
110740
110769
110750
110768
110765
110785
110778
110775
110852
110853
110895
110913
110922
110921
110944
111001
111009
110997
110998
111003
111015
111018
111028
111027
111041
111061
111054
111051
111037
111025
111034
111050
111066
111078
111092
111103
111114
111116
111117
111136
111126
111144
111127
111118
111107
111099
111109
111108
816
828
818
814
806
824
823
810
820
807
812
819
825
839
830
822
829
847
836
849
848
868
879
892
890
893
885
869
873
867
864
855
843
859
876
871
860
862
842
827
832
835
846
833
815
802
796
777
783
768
757
773
774
789
794
776
790
785
770
767
778
761
780
792
797
805
803
813
826
834
853
861
878
872
880
884
875
894
907
918
916
936
939
923
905
908
903
888
906
924
933
915
896
913
897
912
900
902
882
889
886
877
887
891
911
898
881
858
865
883
904
920
937
942
928
947
929
919
926
927
914
930
909
921
940
951
946
960
971
962
981
979
972
975
955
964
948
957
967
984
966
954
943
932
952
934
922
917
910
925
945
963
986
1003
996
1001
994
1002
1000
985
990
973
974
969
961
968
983
988
989
1004
993
992
1009
1024
1042
1049
1046
1030
1023
1041
1035
1052
1050
1070
1068
1061
1044
1064
1063
1071
1055
1043
1037
1034
1053
1072
1090
1083
1100
1105
1124
1109
1096
1098
1112
1114
1115
1128
1121
1123
1113
1103
1088
1097
1106
1120
1127
1131
1116
1111
1094
1089
1080
1093
1099
1101
1086
1075
1092
1073
1087
1074
1077
1078
1060
1045
1028
1016
1029
1012
1017
1008
1010
1015
1007
999
980
991
1011
1022
1038
1031
1051
1054
1033
1025
1014
1005
1013
998
978
958
941
965
982
970
950
938
935
949
931
944
870
851
838
840
863
850
874
857
852
866
856
854
844
837
831
808
798
795
804
793
801
817
809
781
771
788
779
769
760
752
754
759
740
751
735
743
729
724
732
736
733
741
734
738
739
737
730
745
748
758
762
763
749
731
746
725
728
742
727
714
700
694
709
710
721
747
766
750
755
753
744
756
775
764
787
784
799
786
800
791
765
782
845
841
821
811
772
717
711
696
687
671
654
640
628
649
650
648
632
619
598
624
651
668
674
676
658
659
677
702
699
718
683
657
661
613
610
611
631
639
612
587
579
569
545
548
487
551
568
589
673
722
726
493
491
1026
56079
56078
56066
56068
56049
56062
56072
56082
56097
56085
56098
56113
56121
56106
56093
56103
56096
56099
56089
56105
56117
56111
56115
56118
56137
56151
56153
56163
56167
56183
56181
56173
56191
56177
56176
56180
56179
56194
56204
56198
56215
56232
56247
56255
56270
56276
56285
56304
56302
56315
56296
56281
56275
56260
56256
56246
56245
56241
56223
56238
56236
56239
56252
56257
56271
56286
56267
56274
56287
56273
56262
56272
56280
56293
56277
56282
56269
56253
56263
56258
56249
56248
56250
56265
56261
56242
56235
56254
56266
56290
56300
56310
56328
56343
56355
56350
56339
56344
56354
56342
56335
56321
56333
56316
56303
56283
56297
56284
56295
56279
56294
56309
56327
56319
56329
56346
56347
56337
56356
56364
56371
56375
56386
56397
56382
56369
56387
56370
56389
56394
56388
56379
56385
56403
56393
56402
56384
56367
56365
56351
56332
56331
56323
56313
56306
56288
56291
56305
56311
56325
56308
56326
56336
56359
56363
56349
56361
56357
56338
56353
56373
56368
56383
56399
56378
56392
56377
56360
56345
56352
56362
56380
56401
56415
56421
56425
56431
56448
56430
56416
56398
56390
56414
56424
56432
56419
56437
56440
56422
56420
56417
56409
56408
56407
56391
56400
56396
56406
56426
56444
56453
56452
56469
56467
56483
56499
56482
56495
56500
56494
56479
56460
56471
56454
56446
56456
56455
56465
56443
56428
56439
56459
56445
56447
56458
56475
56492
56510
56502
56509
56517
56503
56522
56516
56518
56528
56534
56539
56549
56552
56544
56540
56527
56512
56496
56491
56472
56488
56473
56478
56451
56433
56436
56429
56450
56442
56427
56423
56418
56410
56413
56435
56441
56449
56461
56434
56466
56462
56464
56468
56463
56489
56484
56481
56477
56498
56532
56536
56530
56547
56541
56548
56555
56565
56546
56566
56568
56582
56596
56613
56618
56634
56617
56628
56615
56610
56625
56632
56614
56605
56592
56590
56576
56574
56570
56567
56560
56572
56586
56577
56597
56604
56611
56626
56638
56635
56621
56620
56624
56608
56622
56619
56603
56595
56609
56627
56641
56636
56630
56637
56651
56667
56645
56629
56616
56607
56594
56593
56578
56569
56563
56583
56600
56601
56598
56642
56659
56676
56697
56706
56726
56709
56720
56730
56715
56725
56728
56732
56748
56756
56749
56766
56774
56789
56780
56784
56812
56820
56819
56813
56803
56738
56742
56700
56686
56672
56648
56633
56639
56652
56580
56579
56562
56557
56564
56537
56556
56535
56533
56553
56551
56554
56520
56550
56573
56543
56538
56558
56531
56542
56515
56508
56485
56524
56299
56314
56374
56846
111415
111416
111431
111444
111450
111440
111427
111425
111419
111432
111434
111439
111429
111424
111413
111412
111430
111418
111403
111396
111395
111408
111390
111389
111384
111382
111368
111363
111359
111343
111333
111341
111340
111360
111371
111386
111383
111366
111374
111385
111379
111370
111362
111351
111350
111337
111334
111326
111338
111356
111345
111328
111316
111322
111315
111312
111327
111336
111349
111335
111353
111373
111367
111355
111357
111377
111365
111342
111325
111318
111319
111295
111278
111271
111253
111256
111243
111257
111259
111247
111231
111233
111198
111195
111197
111179
111165
111152
111162
111159
111142
111146
111169
111185
111178
111148
111177
111158
111176
111173
111193
111186
111183
111260
111261
111303
111321
111330
111329
111352
111409
111417
111405
111406
111411
111423
111426
111436
111435
111449
111469
111462
111459
111445
111433
111442
111458
111474
111486
111500
111511
111522
111524
111525
111544
111534
111552
111535
111526
111515
111507
111517
111516
1224
1236
1226
1222
1214
1232
1231
1218
1228
1215
1220
1227
1233
1247
1238
1230
1237
1255
1244
1257
1256
1276
1287
1300
1298
1301
1293
1277
1281
1275
1272
1263
1251
1267
1284
1279
1268
1270
1250
1235
1240
1243
1254
1241
1223
1210
1204
1185
1191
1176
1165
1181
1182
1197
1202
1184
1198
1193
1178
1175
1186
1169
1188
1200
1205
1213
1211
1221
1234
1242
1261
1269
1286
1280
1288
1292
1283
1302
1315
1326
1324
1344
1347
1331
1313
1316
1311
1296
1314
1332
1341
1323
1304
1321
1305
1320
1308
1310
1290
1297
1294
1285
1295
1299
1319
1306
1289
1266
1273
1291
1312
1328
1345
1350
1336
1355
1337
1327
1334
1335
1322
1338
1317
1329
1348
1359
1354
1368
1379
1370
1389
1387
1380
1383
1363
1372
1356
1365
1375
1392
1374
1362
1351
1340
1360
1342
1330
1325
1318
1333
1353
1371
1394
1411
1404
1409
1402
1410
1408
1393
1398
1381
1382
1377
1369
1376
1391
1396
1397
1412
1401
1400
1417
1432
1450
1457
1454
1438
1431
1449
1443
1460
1458
1478
1476
1469
1452
1472
1471
1479
1463
1451
1445
1442
1461
1480
1498
1491
1508
1513
1532
1517
1504
1506
1520
1522
1523
1536
1529
1531
1521
1511
1496
1505
1514
1528
1535
1539
1524
1519
1502
1497
1488
1501
1507
1509
1494
1483
1500
1481
1495
1482
1485
1486
1468
1453
1436
1424
1437
1420
1425
1416
1418
1423
1415
1407
1388
1399
1419
1430
1446
1439
1459
1462
1441
1433
1422
1413
1421
1406
1386
1366
1349
1373
1390
1378
1358
1346
1343
1357
1339
1352
1278
1259
1246
1248
1271
1258
1282
1265
1260
1274
1264
1262
1252
1245
1239
1216
1206
1203
1212
1201
1209
1225
1217
1189
1179
1196
1187
1177
1168
1160
1162
1167
1148
1159
1143
1151
1137
1132
1140
1144
1141
1149
1142
1146
1147
1145
1138
1153
1156
1166
1170
1171
1157
1139
1154
1133
1136
1150
1135
1122
1108
1102
1117
1118
1129
1155
1174
1158
1163
1161
1152
1164
1183
1172
1195
1192
1207
1194
1208
1199
1173
1190
1253
1249
1229
1219
1180
1125
1119
1104
1095
1079
1062
1048
1036
1057
1058
1056
1040
1027
1006
1032
1059
1076
1082
1084
1066
1067
1085
1110
1107
1126
1091
1065
1069
1021
1018
1019
1039
1047
1020
995
987
977
953
956
895
959
976
997
1081
1130
1134
901
899
1434
56487
56486
56474
56476
56457
56470
56480
56490
56505
56493
56506
56521
56529
56514
56501
56511
56504
56507
56497
56513
56525
56519
56523
56526
56545
56559
56561
56571
56575
56591
56589
56581
56599
56585
56584
56588
56587
56602
56612
56606
56623
56640
56655
56663
56678
56684
56693
56712
56710
56723
56704
56689
56683
56668
56664
56654
56653
56649
56631
56646
56644
56647
56660
56665
56679
56694
56675
56682
56695
56681
56670
56680
56688
56701
56685
56690
56677
56661
56671
56666
56657
56656
56658
56673
56669
56650
56643
56662
56674
56698
56708
56718
56736
56751
56763
56758
56747
56752
56762
56750
56743
56729
56741
56724
56711
56691
56705
56692
56703
56687
56702
56717
56735
56727
56737
56754
56755
56745
56764
56772
56779
56783
56794
56805
56790
56777
56795
56778
56797
56802
56796
56787
56793
56811
56801
56810
56792
56775
56773
56759
56740
56739
56731
56721
56714
56696
56699
56713
56719
56733
56716
56734
56744
56767
56771
56757
56769
56765
56746
56761
56781
56776
56791
56807
56786
56800
56785
56768
56753
56760
56770
56788
56809
56823
56829
56833
56839
56856
56838
56824
56806
56798
56822
56832
56840
56827
56845
56848
56830
56828
56825
56817
56816
56815
56799
56808
56804
56814
56834
56852
56861
56860
56877
56875
56891
56907
56890
56903
56908
56902
56887
56868
56879
56862
56854
56864
56863
56873
56851
56836
56847
56867
56853
56855
56866
56883
56900
56918
56910
56917
56925
56911
56930
56924
56926
56936
56942
56947
56957
56960
56952
56948
56935
56920
56904
56899
56880
56896
56881
56886
56859
56841
56844
56837
56858
56850
56835
56831
56826
56818
56821
56843
56849
56857
56869
56842
56874
56870
56872
56876
56871
56897
56892
56889
56885
56906
56940
56944
56938
56955
56949
56956
56963
56973
56954
56974
56976
56990
57004
57021
57026
57042
57025
57036
57023
57018
57033
57040
57022
57013
57000
56998
56984
56982
56978
56975
56968
56980
56994
56985
57005
57012
57019
57034
57046
57043
57029
57028
57032
57016
57030
57027
57011
57003
57017
57035
57049
57044
57038
57045
57059
57075
57053
57037
57024
57015
57002
57001
56986
56977
56971
56991
57008
57009
57006
57050
57067
57084
57105
57114
57134
57117
57128
57138
57123
57133
57136
57140
57156
57164
57157
57174
57182
57197
57188
57192
57220
57228
57227
57221
57211
57146
57150
57108
57094
57080
57056
57041
57047
57060
56988
56987
56970
56965
56972
56945
56964
56943
56941
56961
56959
56962
56928
56958
56981
56951
56946
56966
56939
56950
56923
56916
56893
56932
56707
56722
56782
57254
111823
111824
111839
111852
111858
111848
111835
111833
111827
111840
111842
111847
111837
111832
111821
111820
111838
111826
111811
111804
111803
111816
111798
111797
111792
111790
111776
111771
111767
111751
111741
111749
111748
111768
111779
111794
111791
111774
111782
111793
111787
111778
111770
111759
111758
111745
111742
111734
111746
111764
111753
111736
111724
111730
111723
111720
111735
111744
111757
111743
111761
111781
111775
111763
111765
111785
111773
111750
111733
111726
111727
111703
111686
111679
111661
111664
111651
111665
111667
111655
111639
111641
111606
111603
111605
111587
111573
111560
111570
111567
111550
111554
111577
111593
111586
111556
111585
111566
111584
111581
111601
111594
111591
111668
111669
111711
111729
111738
111737
111760
111817
111825
111813
111814
111819
111831
111834
111844
111843
111857
111877
111870
111867
111853
111841
111850
111866
111882
111894
111908
111919
111930
111932
111933
111952
111942
111960
111943
111934
111923
111915
111925
111924
1632
1644
1634
1630
1622
1640
1639
1626
1636
1623
1628
1635
1641
1655
1646
1638
1645
1663
1652
1665
1664
1684
1695
1708
1706
1709
1701
1685
1689
1683
1680
1671
1659
1675
1692
1687
1676
1678
1658
1643
1648
1651
1662
1649
1631
1618
1612
1593
1599
1584
1573
1589
1590
1605
1610
1592
1606
1601
1586
1583
1594
1577
1596
1608
1613
1621
1619
1629
1642
1650
1669
1677
1694
1688
1696
1700
1691
1710
1723
1734
1732
1752
1755
1739
1721
1724
1719
1704
1722
1740
1749
1731
1712
1729
1713
1728
1716
1718
1698
1705
1702
1693
1703
1707
1727
1714
1697
1674
1681
1699
1720
1736
1753
1758
1744
1763
1745
1735
1742
1743
1730
1746
1725
1737
1756
1767
1762
1776
1787
1778
1797
1795
1788
1791
1771
1780
1764
1773
1783
1800
1782
1770
1759
1748
1768
1750
1738
1733
1726
1741
1761
1779
1802
1819
1812
1817
1810
1818
1816
1801
1806
1789
1790
1785
1777
1784
1799
1804
1805
1820
1809
1808
1825
1840
1858
1865
1862
1846
1839
1857
1851
1868
1866
1886
1884
1877
1860
1880
1879
1887
1871
1859
1853
1850
1869
1888
1906
1899
1916
1921
1940
1925
1912
1914
1928
1930
1931
1944
1937
1939
1929
1919
1904
1913
1922
1936
1943
1947
1932
1927
1910
1905
1896
1909
1915
1917
1902
1891
1908
1889
1903
1890
1893
1894
1876
1861
1844
1832
1845
1828
1833
1824
1826
1831
1823
1815
1796
1807
1827
1838
1854
1847
1867
1870
1849
1841
1830
1821
1829
1814
1794
1774
1757
1781
1798
1786
1766
1754
1751
1765
1747
1760
1686
1667
1654
1656
1679
1666
1690
1673
1668
1682
1672
1670
1660
1653
1647
1624
1614
1611
1620
1609
1617
1633
1625
1597
1587
1604
1595
1585
1576
1568
1570
1575
1556
1567
1551
1559
1545
1540
1548
1552
1549
1557
1550
1554
1555
1553
1546
1561
1564
1574
1578
1579
1565
1547
1562
1541
1544
1558
1543
1530
1516
1510
1525
1526
1537
1563
1582
1566
1571
1569
1560
1572
1591
1580
1603
1600
1615
1602
1616
1607
1581
1598
1661
1657
1637
1627
1588
1533
1527
1512
1503
1487
1470
1456
1444
1465
1466
1464
1448
1435
1414
1440
1467
1484
1490
1492
1474
1475
1493
1518
1515
1534
1499
1473
1477
1429
1426
1427
1447
1455
1428
1403
1395
1385
1361
1364
1303
1367
1384
1405
1489
1538
1542
1309
1307
1842
56895
56894
56882
56884
56865
56878
56888
56898
56913
56901
56914
56929
56937
56922
56909
56919
56912
56915
56905
56921
56933
56927
56931
56934
56953
56967
56969
56979
56983
56999
56997
56989
57007
56993
56992
56996
56995
57010
57020
57014
57031
57048
57063
57071
57086
57092
57101
57120
57118
57131
57112
57097
57091
57076
57072
57062
57061
57057
57039
57054
57052
57055
57068
57073
57087
57102
57083
57090
57103
57089
57078
57088
57096
57109
57093
57098
57085
57069
57079
57074
57065
57064
57066
57081
57077
57058
57051
57070
57082
57106
57116
57126
57144
57159
57171
57166
57155
57160
57170
57158
57151
57137
57149
57132
57119
57099
57113
57100
57111
57095
57110
57125
57143
57135
57145
57162
57163
57153
57172
57180
57187
57191
57202
57213
57198
57185
57203
57186
57205
57210
57204
57195
57201
57219
57209
57218
57200
57183
57181
57167
57148
57147
57139
57129
57122
57104
57107
57121
57127
57141
57124
57142
57152
57175
57179
57165
57177
57173
57154
57169
57189
57184
57199
57215
57194
57208
57193
57176
57161
57168
57178
57196
57217
57231
57237
57241
57247
57264
57246
57232
57214
57206
57230
57240
57248
57235
57253
57256
57238
57236
57233
57225
57224
57223
57207
57216
57212
57222
57242
57260
57269
57268
57285
57283
57299
57315
57298
57311
57316
57310
57295
57276
57287
57270
57262
57272
57271
57281
57259
57244
57255
57275
57261
57263
57274
57291
57308
57326
57318
57325
57333
57319
57338
57332
57334
57344
57350
57355
57365
57368
57360
57356
57343
57328
57312
57307
57288
57304
57289
57294
57267
57249
57252
57245
57266
57258
57243
57239
57234
57226
57229
57251
57257
57265
57277
57250
57282
57278
57280
57284
57279
57305
57300
57297
57293
57314
57348
57352
57346
57363
57357
57364
57371
57381
57362
57382
57384
57398
57412
57429
57434
57450
57433
57444
57431
57426
57441
57448
57430
57421
57408
57406
57392
57390
57386
57383
57376
57388
57402
57393
57413
57420
57427
57442
57454
57451
57437
57436
57440
57424
57438
57435
57419
57411
57425
57443
57457
57452
57446
57453
57467
57483
57461
57445
57432
57423
57410
57409
57394
57385
57379
57399
57416
57417
57414
57458
57475
57492
57513
57522
57542
57525
57536
57546
57531
57541
57544
57548
57564
57572
57565
57582
57590
57605
57596
57600
57628
57636
57635
57629
57619
57554
57558
57516
57502
57488
57464
57449
57455
57468
57396
57395
57378
57373
57380
57353
57372
57351
57349
57369
57367
57370
57336
57366
57389
57359
57354
57374
57347
57358
57331
57324
57301
57340
57115
57130
57190
57662
112231
112232
112247
112260
112266
112256
112243
112241
112235
112248
112250
112255
112245
112240
112229
112228
112246
112234
112219
112212
112211
112224
112206
112205
112200
112198
112184
112179
112175
112159
112149
112157
112156
112176
112187
112202
112199
112182
112190
112201
112195
112186
112178
112167
112166
112153
112150
112142
112154
112172
112161
112144
112132
112138
112131
112128
112143
112152
112165
112151
112169
112189
112183
112171
112173
112193
112181
112158
112141
112134
112135
112111
112094
112087
112069
112072
112059
112073
112075
112063
112047
112049
112014
112011
112013
111995
111981
111968
111978
111975
111958
111962
111985
112001
111994
111964
111993
111974
111992
111989
112009
112002
111999
112076
112077
112119
112137
112146
112145
112168
112225
112233
112221
112222
112227
112239
112242
112252
112251
112265
112285
112278
112275
112261
112249
112258
112274
112290
112302
112316
112327
112338
112340
112341
112360
112350
112368
112351
112342
112331
112323
112333
112332
2040
2052
2042
2038
2030
2048
2047
2034
2044
2031
2036
2043
2049
2063
2054
2046
2053
2071
2060
2073
2072
2092
2103
2116
2114
2117
2109
2093
2097
2091
2088
2079
2067
2083
2100
2095
2084
2086
2066
2051
2056
2059
2070
2057
2039
2026
2020
2001
2007
1992
1981
1997
1998
2013
2018
2000
2014
2009
1994
1991
2002
1985
2004
2016
2021
2029
2027
2037
2050
2058
2077
2085
2102
2096
2104
2108
2099
2118
2131
2142
2140
2160
2163
2147
2129
2132
2127
2112
2130
2148
2157
2139
2120
2137
2121
2136
2124
2126
2106
2113
2110
2101
2111
2115
2135
2122
2105
2082
2089
2107
2128
2144
2161
2166
2152
2171
2153
2143
2150
2151
2138
2154
2133
2145
2164
2175
2170
2184
2195
2186
2205
2203
2196
2199
2179
2188
2172
2181
2191
2208
2190
2178
2167
2156
2176
2158
2146
2141
2134
2149
2169
2187
2210
2227
2220
2225
2218
2226
2224
2209
2214
2197
2198
2193
2185
2192
2207
2212
2213
2228
2217
2216
2233
2248
2266
2273
2270
2254
2247
2265
2259
2276
2274
2294
2292
2285
2268
2288
2287
2295
2279
2267
2261
2258
2277
2296
2314
2307
2324
2329
2348
2333
2320
2322
2336
2338
2339
2352
2345
2347
2337
2327
2312
2321
2330
2344
2351
2355
2340
2335
2318
2313
2304
2317
2323
2325
2310
2299
2316
2297
2311
2298
2301
2302
2284
2269
2252
2240
2253
2236
2241
2232
2234
2239
2231
2223
2204
2215
2235
2246
2262
2255
2275
2278
2257
2249
2238
2229
2237
2222
2202
2182
2165
2189
2206
2194
2174
2162
2159
2173
2155
2168
2094
2075
2062
2064
2087
2074
2098
2081
2076
2090
2080
2078
2068
2061
2055
2032
2022
2019
2028
2017
2025
2041
2033
2005
1995
2012
2003
1993
1984
1976
1978
1983
1964
1975
1959
1967
1953
1948
1956
1960
1957
1965
1958
1962
1963
1961
1954
1969
1972
1982
1986
1987
1973
1955
1970
1949
1952
1966
1951
1938
1924
1918
1933
1934
1945
1971
1990
1974
1979
1977
1968
1980
1999
1988
2011
2008
2023
2010
2024
2015
1989
2006
2069
2065
2045
2035
1996
1941
1935
1920
1911
1895
1878
1864
1852
1873
1874
1872
1856
1843
1822
1848
1875
1892
1898
1900
1882
1883
1901
1926
1923
1942
1907
1881
1885
1837
1834
1835
1855
1863
1836
1811
1803
1793
1769
1772
1711
1775
1792
1813
1897
1946
1950
1717
1715
2250
57303
57302
57290
57292
57273
57286
57296
57306
57321
57309
57322
57337
57345
57330
57317
57327
57320
57323
57313
57329
57341
57335
57339
57342
57361
57375
57377
57387
57391
57407
57405
57397
57415
57401
57400
57404
57403
57418
57428
57422
57439
57456
57471
57479
57494
57500
57509
57528
57526
57539
57520
57505
57499
57484
57480
57470
57469
57465
57447
57462
57460
57463
57476
57481
57495
57510
57491
57498
57511
57497
57486
57496
57504
57517
57501
57506
57493
57477
57487
57482
57473
57472
57474
57489
57485
57466
57459
57478
57490
57514
57524
57534
57552
57567
57579
57574
57563
57568
57578
57566
57559
57545
57557
57540
57527
57507
57521
57508
57519
57503
57518
57533
57551
57543
57553
57570
57571
57561
57580
57588
57595
57599
57610
57621
57606
57593
57611
57594
57613
57618
57612
57603
57609
57627
57617
57626
57608
57591
57589
57575
57556
57555
57547
57537
57530
57512
57515
57529
57535
57549
57532
57550
57560
57583
57587
57573
57585
57581
57562
57577
57597
57592
57607
57623
57602
57616
57601
57584
57569
57576
57586
57604
57625
57639
57645
57649
57655
57672
57654
57640
57622
57614
57638
57648
57656
57643
57661
57664
57646
57644
57641
57633
57632
57631
57615
57624
57620
57630
57650
57668
57677
57676
57693
57691
57707
57723
57706
57719
57724
57718
57703
57684
57695
57678
57670
57680
57679
57689
57667
57652
57663
57683
57669
57671
57682
57699
57716
57734
57726
57733
57741
57727
57746
57740
57742
57752
57758
57763
57773
57776
57768
57764
57751
57736
57720
57715
57696
57712
57697
57702
57675
57657
57660
57653
57674
57666
57651
57647
57642
57634
57637
57659
57665
57673
57685
57658
57690
57686
57688
57692
57687
57713
57708
57705
57701
57722
57756
57760
57754
57771
57765
57772
57779
57789
57770
57790
57792
57806
57820
57837
57842
57858
57841
57852
57839
57834
57849
57856
57838
57829
57816
57814
57800
57798
57794
57791
57784
57796
57810
57801
57821
57828
57835
57850
57862
57859
57845
57844
57848
57832
57846
57843
57827
57819
57833
57851
57865
57860
57854
57861
57875
57891
57869
57853
57840
57831
57818
57817
57802
57793
57787
57807
57824
57825
57822
57866
57883
57900
57921
57930
57950
57933
57944
57954
57939
57949
57952
57956
57972
57980
57973
57990
57998
58013
58004
58008
58036
58044
58043
58037
58027
57962
57966
57924
57910
57896
57872
57857
57863
57876
57804
57803
57786
57781
57788
57761
57780
57759
57757
57777
57775
57778
57744
57774
57797
57767
57762
57782
57755
57766
57739
57732
57709
57748
57523
57538
57598
58070
112639
112640
112655
112668
112674
112664
112651
112649
112643
112656
112658
112663
112653
112648
112637
112636
112654
112642
112627
112620
112619
112632
112614
112613
112608
112606
112592
112587
112583
112567
112557
112565
112564
112584
112595
112610
112607
112590
112598
112609
112603
112594
112586
112575
112574
112561
112558
112550
112562
112580
112569
112552
112540
112546
112539
112536
112551
112560
112573
112559
112577
112597
112591
112579
112581
112601
112589
112566
112549
112542
112543
112519
112502
112495
112477
112480
112467
112481
112483
112471
112455
112457
112422
112419
112421
112403
112389
112376
112386
112383
112366
112370
112393
112409
112402
112372
112401
112382
112400
112397
112417
112410
112407
112484
112485
112527
112545
112554
112553
112576
112633
112641
112629
112630
112635
112647
112650
112660
112659
112673
112693
112686
112683
112669
112657
112666
112682
112698
112710
112724
112735
112746
112748
112749
112768
112758
112776
112759
112750
112739
112731
112741
112740
2448
2460
2450
2446
2438
2456
2455
2442
2452
2439
2444
2451
2457
2471
2462
2454
2461
2479
2468
2481
2480
2500
2511
2524
2522
2525
2517
2501
2505
2499
2496
2487
2475
2491
2508
2503
2492
2494
2474
2459
2464
2467
2478
2465
2447
2434
2428
2409
2415
2400
2389
2405
2406
2421
2426
2408
2422
2417
2402
2399
2410
2393
2412
2424
2429
2437
2435
2445
2458
2466
2485
2493
2510
2504
2512
2516
2507
2526
2539
2550
2548
2568
2571
2555
2537
2540
2535
2520
2538
2556
2565
2547
2528
2545
2529
2544
2532
2534
2514
2521
2518
2509
2519
2523
2543
2530
2513
2490
2497
2515
2536
2552
2569
2574
2560
2579
2561
2551
2558
2559
2546
2562
2541
2553
2572
2583
2578
2592
2603
2594
2613
2611
2604
2607
2587
2596
2580
2589
2599
2616
2598
2586
2575
2564
2584
2566
2554
2549
2542
2557
2577
2595
2618
2635
2628
2633
2626
2634
2632
2617
2622
2605
2606
2601
2593
2600
2615
2620
2621
2636
2625
2624
2641
2656
2674
2681
2678
2662
2655
2673
2667
2684
2682
2702
2700
2693
2676
2696
2695
2703
2687
2675
2669
2666
2685
2704
2722
2715
2732
2737
2756
2741
2728
2730
2744
2746
2747
2760
2753
2755
2745
2735
2720
2729
2738
2752
2759
2763
2748
2743
2726
2721
2712
2725
2731
2733
2718
2707
2724
2705
2719
2706
2709
2710
2692
2677
2660
2648
2661
2644
2649
2640
2642
2647
2639
2631
2612
2623
2643
2654
2670
2663
2683
2686
2665
2657
2646
2637
2645
2630
2610
2590
2573
2597
2614
2602
2582
2570
2567
2581
2563
2576
2502
2483
2470
2472
2495
2482
2506
2489
2484
2498
2488
2486
2476
2469
2463
2440
2430
2427
2436
2425
2433
2449
2441
2413
2403
2420
2411
2401
2392
2384
2386
2391
2372
2383
2367
2375
2361
2356
2364
2368
2365
2373
2366
2370
2371
2369
2362
2377
2380
2390
2394
2395
2381
2363
2378
2357
2360
2374
2359
2346
2332
2326
2341
2342
2353
2379
2398
2382
2387
2385
2376
2388
2407
2396
2419
2416
2431
2418
2432
2423
2397
2414
2477
2473
2453
2443
2404
2349
2343
2328
2319
2303
2286
2272
2260
2281
2282
2280
2264
2251
2230
2256
2283
2300
2306
2308
2290
2291
2309
2334
2331
2350
2315
2289
2293
2245
2242
2243
2263
2271
2244
2219
2211
2201
2177
2180
2119
2183
2200
2221
2305
2354
2358
2125
2123
2658
57711
57710
57698
57700
57681
57694
57704
57714
57729
57717
57730
57745
57753
57738
57725
57735
57728
57731
57721
57737
57749
57743
57747
57750
57769
57783
57785
57795
57799
57815
57813
57805
57823
57809
57808
57812
57811
57826
57836
57830
57847
57864
57879
57887
57902
57908
57917
57936
57934
57947
57928
57913
57907
57892
57888
57878
57877
57873
57855
57870
57868
57871
57884
57889
57903
57918
57899
57906
57919
57905
57894
57904
57912
57925
57909
57914
57901
57885
57895
57890
57881
57880
57882
57897
57893
57874
57867
57886
57898
57922
57932
57942
57960
57975
57987
57982
57971
57976
57986
57974
57967
57953
57965
57948
57935
57915
57929
57916
57927
57911
57926
57941
57959
57951
57961
57978
57979
57969
57988
57996
58003
58007
58018
58029
58014
58001
58019
58002
58021
58026
58020
58011
58017
58035
58025
58034
58016
57999
57997
57983
57964
57963
57955
57945
57938
57920
57923
57937
57943
57957
57940
57958
57968
57991
57995
57981
57993
57989
57970
57985
58005
58000
58015
58031
58010
58024
58009
57992
57977
57984
57994
58012
58033
58047
58053
58057
58063
58080
58062
58048
58030
58022
58046
58056
58064
58051
58069
58072
58054
58052
58049
58041
58040
58039
58023
58032
58028
58038
58058
58076
58085
58084
58101
58099
58115
58131
58114
58127
58132
58126
58111
58092
58103
58086
58078
58088
58087
58097
58075
58060
58071
58091
58077
58079
58090
58107
58124
58142
58134
58141
58149
58135
58154
58148
58150
58160
58166
58171
58181
58184
58176
58172
58159
58144
58128
58123
58104
58120
58105
58110
58083
58065
58068
58061
58082
58074
58059
58055
58050
58042
58045
58067
58073
58081
58093
58066
58098
58094
58096
58100
58095
58121
58116
58113
58109
58130
58164
58168
58162
58179
58173
58180
58187
58197
58178
58198
58200
58214
58228
58245
58250
58266
58249
58260
58247
58242
58257
58264
58246
58237
58224
58222
58208
58206
58202
58199
58192
58204
58218
58209
58229
58236
58243
58258
58270
58267
58253
58252
58256
58240
58254
58251
58235
58227
58241
58259
58273
58268
58262
58269
58283
58299
58277
58261
58248
58239
58226
58225
58210
58201
58195
58215
58232
58233
58230
58274
58291
58308
58329
58338
58358
58341
58352
58362
58347
58357
58360
58364
58380
58388
58381
58398
58406
58421
58412
58416
58444
58452
58451
58445
58435
58370
58374
58332
58318
58304
58280
58265
58271
58284
58212
58211
58194
58189
58196
58169
58188
58167
58165
58185
58183
58186
58152
58182
58205
58175
58170
58190
58163
58174
58147
58140
58117
58156
57931
57946
58006
58478
113047
113048
113063
113076
113082
113072
113059
113057
113051
113064
113066
113071
113061
113056
113045
113044
113062
113050
113035
113028
113027
113040
113022
113021
113016
113014
113000
112995
112991
112975
112965
112973
112972
112992
113003
113018
113015
112998
113006
113017
113011
113002
112994
112983
112982
112969
112966
112958
112970
112988
112977
112960
112948
112954
112947
112944
112959
112968
112981
112967
112985
113005
112999
112987
112989
113009
112997
112974
112957
112950
112951
112927
112910
112903
112885
112888
112875
112889
112891
112879
112863
112865
112830
112827
112829
112811
112797
112784
112794
112791
112774
112778
112801
112817
112810
112780
112809
112790
112808
112805
112825
112818
112815
112892
112893
112935
112953
112962
112961
112984
113041
113049
113037
113038
113043
113055
113058
113068
113067
113081
113101
113094
113091
113077
113065
113074
113090
113106
113118
113132
113143
113154
113156
113157
113176
113166
113184
113167
113158
113147
113139
113149
113148
2856
2868
2858
2854
2846
2864
2863
2850
2860
2847
2852
2859
2865
2879
2870
2862
2869
2887
2876
2889
2888
2908
2919
2932
2930
2933
2925
2909
2913
2907
2904
2895
2883
2899
2916
2911
2900
2902
2882
2867
2872
2875
2886
2873
2855
2842
2836
2817
2823
2808
2797
2813
2814
2829
2834
2816
2830
2825
2810
2807
2818
2801
2820
2832
2837
2845
2843
2853
2866
2874
2893
2901
2918
2912
2920
2924
2915
2934
2947
2958
2956
2976
2979
2963
2945
2948
2943
2928
2946
2964
2973
2955
2936
2953
2937
2952
2940
2942
2922
2929
2926
2917
2927
2931
2951
2938
2921
2898
2905
2923
2944
2960
2977
2982
2968
2987
2969
2959
2966
2967
2954
2970
2949
2961
2980
2991
2986
3000
3011
3002
3021
3019
3012
3015
2995
3004
2988
2997
3007
3024
3006
2994
2983
2972
2992
2974
2962
2957
2950
2965
2985
3003
3026
3043
3036
3041
3034
3042
3040
3025
3030
3013
3014
3009
3001
3008
3023
3028
3029
3044
3033
3032
3049
3064
3082
3089
3086
3070
3063
3081
3075
3092
3090
3110
3108
3101
3084
3104
3103
3111
3095
3083
3077
3074
3093
3112
3130
3123
3140
3145
3164
3149
3136
3138
3152
3154
3155
3168
3161
3163
3153
3143
3128
3137
3146
3160
3167
3171
3156
3151
3134
3129
3120
3133
3139
3141
3126
3115
3132
3113
3127
3114
3117
3118
3100
3085
3068
3056
3069
3052
3057
3048
3050
3055
3047
3039
3020
3031
3051
3062
3078
3071
3091
3094
3073
3065
3054
3045
3053
3038
3018
2998
2981
3005
3022
3010
2990
2978
2975
2989
2971
2984
2910
2891
2878
2880
2903
2890
2914
2897
2892
2906
2896
2894
2884
2877
2871
2848
2838
2835
2844
2833
2841
2857
2849
2821
2811
2828
2819
2809
2800
2792
2794
2799
2780
2791
2775
2783
2769
2764
2772
2776
2773
2781
2774
2778
2779
2777
2770
2785
2788
2798
2802
2803
2789
2771
2786
2765
2768
2782
2767
2754
2740
2734
2749
2750
2761
2787
2806
2790
2795
2793
2784
2796
2815
2804
2827
2824
2839
2826
2840
2831
2805
2822
2885
2881
2861
2851
2812
2757
2751
2736
2727
2711
2694
2680
2668
2689
2690
2688
2672
2659
2638
2664
2691
2708
2714
2716
2698
2699
2717
2742
2739
2758
2723
2697
2701
2653
2650
2651
2671
2679
2652
2627
2619
2609
2585
2588
2527
2591
2608
2629
2713
2762
2766
2533
2531
3066
58119
58118
58106
58108
58089
58102
58112
58122
58137
58125
58138
58153
58161
58146
58133
58143
58136
58139
58129
58145
58157
58151
58155
58158
58177
58191
58193
58203
58207
58223
58221
58213
58231
58217
58216
58220
58219
58234
58244
58238
58255
58272
58287
58295
58310
58316
58325
58344
58342
58355
58336
58321
58315
58300
58296
58286
58285
58281
58263
58278
58276
58279
58292
58297
58311
58326
58307
58314
58327
58313
58302
58312
58320
58333
58317
58322
58309
58293
58303
58298
58289
58288
58290
58305
58301
58282
58275
58294
58306
58330
58340
58350
58368
58383
58395
58390
58379
58384
58394
58382
58375
58361
58373
58356
58343
58323
58337
58324
58335
58319
58334
58349
58367
58359
58369
58386
58387
58377
58396
58404
58411
58415
58426
58437
58422
58409
58427
58410
58429
58434
58428
58419
58425
58443
58433
58442
58424
58407
58405
58391
58372
58371
58363
58353
58346
58328
58331
58345
58351
58365
58348
58366
58376
58399
58403
58389
58401
58397
58378
58393
58413
58408
58423
58439
58418
58432
58417
58400
58385
58392
58402
58420
58441
58455
58461
58465
58471
58488
58470
58456
58438
58430
58454
58464
58472
58459
58477
58480
58462
58460
58457
58449
58448
58447
58431
58440
58436
58446
58466
58484
58493
58492
58509
58507
58523
58539
58522
58535
58540
58534
58519
58500
58511
58494
58486
58496
58495
58505
58483
58468
58479
58499
58485
58487
58498
58515
58532
58550
58542
58549
58557
58543
58562
58556
58558
58568
58574
58579
58589
58592
58584
58580
58567
58552
58536
58531
58512
58528
58513
58518
58491
58473
58476
58469
58490
58482
58467
58463
58458
58450
58453
58475
58481
58489
58501
58474
58506
58502
58504
58508
58503
58529
58524
58521
58517
58538
58572
58576
58570
58587
58581
58588
58595
58605
58586
58606
58608
58622
58636
58653
58658
58674
58657
58668
58655
58650
58665
58672
58654
58645
58632
58630
58616
58614
58610
58607
58600
58612
58626
58617
58637
58644
58651
58666
58678
58675
58661
58660
58664
58648
58662
58659
58643
58635
58649
58667
58681
58676
58670
58677
58691
58707
58685
58669
58656
58647
58634
58633
58618
58609
58603
58623
58640
58641
58638
58682
58699
58716
58737
58746
58766
58749
58760
58770
58755
58765
58768
58772
58788
58796
58789
58806
58814
58829
58820
58824
58852
58860
58859
58853
58843
58778
58782
58740
58726
58712
58688
58673
58679
58692
58620
58619
58602
58597
58604
58577
58596
58575
58573
58593
58591
58594
58560
58590
58613
58583
58578
58598
58571
58582
58555
58548
58525
58564
58339
58354
58414
58886
113455
113456
113471
113484
113490
113480
113467
113465
113459
113472
113474
113479
113469
113464
113453
113452
113470
113458
113443
113436
113435
113448
113430
113429
113424
113422
113408
113403
113399
113383
113373
113381
113380
113400
113411
113426
113423
113406
113414
113425
113419
113410
113402
113391
113390
113377
113374
113366
113378
113396
113385
113368
113356
113362
113355
113352
113367
113376
113389
113375
113393
113413
113407
113395
113397
113417
113405
113382
113365
113358
113359
113335
113318
113311
113293
113296
113283
113297
113299
113287
113271
113273
113238
113235
113237
113219
113205
113192
113202
113199
113182
113186
113209
113225
113218
113188
113217
113198
113216
113213
113233
113226
113223
113300
113301
113343
113361
113370
113369
113392
113449
113457
113445
113446
113451
113463
113466
113476
113475
113489
113509
113502
113499
113485
113473
113482
113498
113514
113526
113540
113551
113562
113564
113565
113584
113574
113592
113575
113566
113555
113547
113557
113556
3264
3276
3266
3262
3254
3272
3271
3258
3268
3255
3260
3267
3273
3287
3278
3270
3277
3295
3284
3297
3296
3316
3327
3340
3338
3341
3333
3317
3321
3315
3312
3303
3291
3307
3324
3319
3308
3310
3290
3275
3280
3283
3294
3281
3263
3250
3244
3225
3231
3216
3205
3221
3222
3237
3242
3224
3238
3233
3218
3215
3226
3209
3228
3240
3245
3253
3251
3261
3274
3282
3301
3309
3326
3320
3328
3332
3323
3342
3355
3366
3364
3384
3387
3371
3353
3356
3351
3336
3354
3372
3381
3363
3344
3361
3345
3360
3348
3350
3330
3337
3334
3325
3335
3339
3359
3346
3329
3306
3313
3331
3352
3368
3385
3390
3376
3395
3377
3367
3374
3375
3362
3378
3357
3369
3388
3399
3394
3408
3419
3410
3429
3427
3420
3423
3403
3412
3396
3405
3415
3432
3414
3402
3391
3380
3400
3382
3370
3365
3358
3373
3393
3411
3434
3451
3444
3449
3442
3450
3448
3433
3438
3421
3422
3417
3409
3416
3431
3436
3437
3452
3441
3440
3457
3472
3490
3497
3494
3478
3471
3489
3483
3500
3498
3518
3516
3509
3492
3512
3511
3519
3503
3491
3485
3482
3501
3520
3538
3531
3548
3553
3572
3557
3544
3546
3560
3562
3563
3576
3569
3571
3561
3551
3536
3545
3554
3568
3575
3579
3564
3559
3542
3537
3528
3541
3547
3549
3534
3523
3540
3521
3535
3522
3525
3526
3508
3493
3476
3464
3477
3460
3465
3456
3458
3463
3455
3447
3428
3439
3459
3470
3486
3479
3499
3502
3481
3473
3462
3453
3461
3446
3426
3406
3389
3413
3430
3418
3398
3386
3383
3397
3379
3392
3318
3299
3286
3288
3311
3298
3322
3305
3300
3314
3304
3302
3292
3285
3279
3256
3246
3243
3252
3241
3249
3265
3257
3229
3219
3236
3227
3217
3208
3200
3202
3207
3188
3199
3183
3191
3177
3172
3180
3184
3181
3189
3182
3186
3187
3185
3178
3193
3196
3206
3210
3211
3197
3179
3194
3173
3176
3190
3175
3162
3148
3142
3157
3158
3169
3195
3214
3198
3203
3201
3192
3204
3223
3212
3235
3232
3247
3234
3248
3239
3213
3230
3293
3289
3269
3259
3220
3165
3159
3144
3135
3119
3102
3088
3076
3097
3098
3096
3080
3067
3046
3072
3099
3116
3122
3124
3106
3107
3125
3150
3147
3166
3131
3105
3109
3061
3058
3059
3079
3087
3060
3035
3027
3017
2993
2996
2935
2999
3016
3037
3121
3170
3174
2941
2939
3474
58527
58526
58514
58516
58497
58510
58520
58530
58545
58533
58546
58561
58569
58554
58541
58551
58544
58547
58537
58553
58565
58559
58563
58566
58585
58599
58601
58611
58615
58631
58629
58621
58639
58625
58624
58628
58627
58642
58652
58646
58663
58680
58695
58703
58718
58724
58733
58752
58750
58763
58744
58729
58723
58708
58704
58694
58693
58689
58671
58686
58684
58687
58700
58705
58719
58734
58715
58722
58735
58721
58710
58720
58728
58741
58725
58730
58717
58701
58711
58706
58697
58696
58698
58713
58709
58690
58683
58702
58714
58738
58748
58758
58776
58791
58803
58798
58787
58792
58802
58790
58783
58769
58781
58764
58751
58731
58745
58732
58743
58727
58742
58757
58775
58767
58777
58794
58795
58785
58804
58812
58819
58823
58834
58845
58830
58817
58835
58818
58837
58842
58836
58827
58833
58851
58841
58850
58832
58815
58813
58799
58780
58779
58771
58761
58754
58736
58739
58753
58759
58773
58756
58774
58784
58807
58811
58797
58809
58805
58786
58801
58821
58816
58831
58847
58826
58840
58825
58808
58793
58800
58810
58828
58849
58863
58869
58873
58879
58896
58878
58864
58846
58838
58862
58872
58880
58867
58885
58888
58870
58868
58865
58857
58856
58855
58839
58848
58844
58854
58874
58892
58901
58900
58917
58915
58931
58947
58930
58943
58948
58942
58927
58908
58919
58902
58894
58904
58903
58913
58891
58876
58887
58907
58893
58895
58906
58923
58940
58958
58950
58957
58965
58951
58970
58964
58966
58976
58982
58987
58997
59000
58992
58988
58975
58960
58944
58939
58920
58936
58921
58926
58899
58881
58884
58877
58898
58890
58875
58871
58866
58858
58861
58883
58889
58897
58909
58882
58914
58910
58912
58916
58911
58937
58932
58929
58925
58946
58980
58984
58978
58995
58989
58996
59003
59013
58994
59014
59016
59030
59044
59061
59066
59082
59065
59076
59063
59058
59073
59080
59062
59053
59040
59038
59024
59022
59018
59015
59008
59020
59034
59025
59045
59052
59059
59074
59086
59083
59069
59068
59072
59056
59070
59067
59051
59043
59057
59075
59089
59084
59078
59085
59099
59115
59093
59077
59064
59055
59042
59041
59026
59017
59011
59031
59048
59049
59046
59090
59107
59124
59145
59154
59174
59157
59168
59178
59163
59173
59176
59180
59196
59204
59197
59214
59222
59237
59228
59232
59260
59268
59267
59261
59251
59186
59190
59148
59134
59120
59096
59081
59087
59100
59028
59027
59010
59005
59012
58985
59004
58983
58981
59001
58999
59002
58968
58998
59021
58991
58986
59006
58979
58990
58963
58956
58933
58972
58747
58762
58822
59294
113863
113864
113879
113892
113898
113888
113875
113873
113867
113880
113882
113887
113877
113872
113861
113860
113878
113866
113851
113844
113843
113856
113838
113837
113832
113830
113816
113811
113807
113791
113781
113789
113788
113808
113819
113834
113831
113814
113822
113833
113827
113818
113810
113799
113798
113785
113782
113774
113786
113804
113793
113776
113764
113770
113763
113760
113775
113784
113797
113783
113801
113821
113815
113803
113805
113825
113813
113790
113773
113766
113767
113743
113726
113719
113701
113704
113691
113705
113707
113695
113679
113681
113646
113643
113645
113627
113613
113600
113610
113607
113590
113594
113617
113633
113626
113596
113625
113606
113624
113621
113641
113634
113631
113708
113709
113751
113769
113778
113777
113800
113857
113865
113853
113854
113859
113871
113874
113884
113883
113897
113917
113910
113907
113893
113881
113890
113906
113922
113934
113948
113959
113970
113972
113973
113992
113982
114000
113983
113974
113963
113955
113965
113964
3672
3684
3674
3670
3662
3680
3679
3666
3676
3663
3668
3675
3681
3695
3686
3678
3685
3703
3692
3705
3704
3724
3735
3748
3746
3749
3741
3725
3729
3723
3720
3711
3699
3715
3732
3727
3716
3718
3698
3683
3688
3691
3702
3689
3671
3658
3652
3633
3639
3624
3613
3629
3630
3645
3650
3632
3646
3641
3626
3623
3634
3617
3636
3648
3653
3661
3659
3669
3682
3690
3709
3717
3734
3728
3736
3740
3731
3750
3763
3774
3772
3792
3795
3779
3761
3764
3759
3744
3762
3780
3789
3771
3752
3769
3753
3768
3756
3758
3738
3745
